59
0001 = 0 0 256 128
0002 = 0 128 256 128
0003 = 256 0 256 128
0004 = 256 128 256 128
0005 = 0 256 256 128
0006 = 0 384 256 128
0007 = 256 256 256 128
0008 = 256 384 256 128
0009 = 512 0 256 128
0010 = 512 128 256 128
0011 = 768 0 256 128
0012 = 512 256 256 128
0013 = 768 128 256 128
0014 = 512 384 256 128
0015 = 768 256 256 128
0016 = 768 384 256 128
0017 = 0 512 256 128
0018 = 0 640 256 128
0019 = 256 512 256 128
0020 = 0 768 256 128
0021 = 256 640 256 128
0022 = 0 896 256 128
0023 = 256 768 256 128
0024 = 512 512 256 128
0025 = 256 896 256 128
0026 = 512 640 256 128
0027 = 512 768 256 128
0028 = 768 512 256 128
0029 = 512 896 256 128
0030 = 768 640 256 128
0031 = 768 768 256 128
0032 = 768 896 256 128
0033 = 1024 0 256 128
0034 = 1024 128 256 128
0035 = 1280 0 256 128
0036 = 1024 256 256 128
0037 = 1024 384 256 128
0038 = 1280 128 256 128
0039 = 1280 256 256 128
0040 = 1024 512 256 128
0041 = 1536 0 256 128
0042 = 1280 384 256 128
0043 = 1536 128 256 128
0044 = 1024 640 256 128
0045 = 1536 256 256 128
0046 = 1280 512 256 128
0047 = 1792 0 256 128
0048 = 1024 768 256 128
0049 = 1280 640 256 128
0050 = 1792 128 256 128
0051 = 1024 896 256 128
0052 = 1536 384 256 128
0053 = 1792 256 256 128
0054 = 1280 768 256 128
0055 = 1536 512 256 128
0056 = 1280 896 256 128
0057 = 1536 640 256 128
0058 = 1792 384 256 128
0059 = 1792 512 256 128